[gd_scene load_steps=2 format=3 uid="uid://p70vo0hqdgqv"]

[ext_resource type="PackedScene" uid="uid://deuapcn1ywqqi" path="res://ewbik/art/ewbik_3_bone_chain.glb" id="1_k4flg"]

[node name="ewbik_3_bone_chain" instance=ExtResource("1_k4flg")]

[node name="t3" type="Marker3D" parent="Armature" index="0"]
transform = Transform3D(-0.685733, -0.580302, -0.43934, -0.470396, 0.81395, -0.340899, 0.555425, -0.0271014, -0.831125, -0.505563, 0.528366, 2.18293e-07)

[node name="Skeleton3D" parent="Armature" index="1"]
transform = Transform3D(0.999613, 0.027817, 0, -0.027817, 0.999613, 0, 0, 0, 1, -0.0638023, 0.0491791, 0)
bones/0/position = Vector3(-0.184184, 0, 4.65661e-09)
bones/0/rotation = Quaternion(0, 2.82963e-17, 0, 1)
bones/0/scale = Vector3(1, 1, 1)
bones/1/position = Vector3(1.49012e-08, 0.092646, 1.16415e-10)
bones/1/rotation = Quaternion(0.0127154, 0.129382, -0.0907058, 0.987356)
bones/1/scale = Vector3(1, 1, 1)
bones/2/position = Vector3(-0.000571847, 0.11077, -0.000256907)
bones/2/rotation = Quaternion(-0.00140774, 0.0648598, 0.00105666, 0.997893)
bones/2/scale = Vector3(1, 1, 1)
bones/3/position = Vector3(-0.000286162, 0.0991388, -2.33948e-06)
bones/3/rotation = Quaternion(-0.012726, -0.193615, 0.0654234, 0.978811)
bones/3/scale = Vector3(1, 1, 1)
bones/4/position = Vector3(-0.00015001, 0.100905, -1.10333e-07)
bones/4/rotation = Quaternion(-0.0404358, -0.0960312, -0.355304, 0.928925)
bones/4/scale = Vector3(1, 1, 1)
bones/5/position = Vector3(0.00308922, 0.102382, 1.5676e-05)
bones/5/rotation = Quaternion(0.000887362, 0.0819638, -0.0201897, 0.99643)
bones/5/scale = Vector3(1, 1, 1)
bones/6/position = Vector3(-0.00105542, 0.101672, 1.86265e-09)
bones/6/rotation = Quaternion(-0.000488661, 0.0351196, -0.0035504, 0.999377)
bones/6/scale = Vector3(1, 1, 1)
bones/7/position = Vector3(-0.00175816, 0.100713, 2.98023e-08)
bones/7/rotation = Quaternion(-0.00160762, -0.0127285, 0.15935, 0.987139)
bones/7/scale = Vector3(1, 1, 1)
bones/8/position = Vector3(-0.000134721, 0.100884, -6.73463e-08)
bones/8/rotation = Quaternion(-0.591378, 0.630087, 0.347443, 0.364069)
bones/8/scale = Vector3(1, 1, 1)
bones/9/position = Vector3(-0.000599116, 0.101091, -1.34408e-05)
bones/9/rotation = Quaternion(-0.00350441, 0.942412, 0.00119352, 0.334433)
bones/9/scale = Vector3(1, 1, 1)
bones/10/position = Vector3(-0.000113063, 0.101475, 9.799e-05)
bones/10/rotation = Quaternion(-0.103391, 0.919857, -0.131249, 0.354891)
bones/10/scale = Vector3(1, 1, 1)
bones/11/position = Vector3(-2.27541e-05, 0.0985326, 6.94245e-05)
bones/11/rotation = Quaternion(0.190866, 0.971009, 0.140704, 0.0302318)
bones/11/scale = Vector3(1, 1, 1)

[node name="o1" type="Marker3D" parent="Armature/Skeleton3D" index="1"]
transform = Transform3D(1, 0, 0, 0, 1, 0, 0, 0, 1, -0.184184, 0, 0)

[node name="t1" type="Marker3D" parent="Armature/Skeleton3D/o1" index="0"]
transform = Transform3D(0.999127, 0.0417939, 8.6755e-07, -0.0417939, 0.999126, -5.79742e-07, -8.4892e-07, 5.24019e-07, 1, 0.0397584, 0.389575, 1.69641e-07)

[node name="t2" type="Marker3D" parent="Armature/Skeleton3D/o1/t1" index="0"]
transform = Transform3D(0.894468, 0.447129, -4.35827e-07, -0.447131, 0.894469, -2.45855e-07, 2.16702e-07, 3.97163e-07, 1, 0.254847, 0.273782, 2.70253e-07)

[node name="SkeletonModification3DEWBIK" type="SkeletonModification3DEWBIK" parent="Armature/Skeleton3D" index="2"]
root_bone = &"A0"
max_ik_iterations = 120.0
pin_count = 4
pins/0/name = "A0"
pins/0/target_node = NodePath("../o1")
pins/0/depth_falloff = 0.0
pins/0/weight = 1.0
pins/0/direction_priorities = Vector3(0.71, 0, 0.71)
pins/1/name = "A3"
pins/1/target_node = NodePath("../o1/t1")
pins/1/depth_falloff = 1.0
pins/1/weight = 1.0
pins/1/direction_priorities = Vector3(0.71, 0, 0.71)
pins/2/name = "B3"
pins/2/target_node = NodePath("../o1/t1/t2")
pins/2/depth_falloff = 1.0
pins/2/weight = 1.0
pins/2/direction_priorities = Vector3(0.71, 0, 0.71)
pins/3/name = "C3"
pins/3/target_node = NodePath("../../t3")
pins/3/depth_falloff = 1.0
pins/3/weight = 1.0
pins/3/direction_priorities = Vector3(0.71, 0, 0.71)
constraint_count = 1
constraints/0/name = &"C3"
constraints/0/kusudama_twist = Vector2(0, 360)
constraints/0/kusudama_limit_cone_count = 1
constraints/0/kusudama_limit_cone/0/center = Vector3(0, 1, 0)
constraints/0/kusudama_limit_cone/0/radius = 0.174533
